# name: debug
# type: sparse matrix
# nnz: 81576
# rows: 4536
# columns: 4536

1 1 19.2418152
2 1 -0.638402937
3 1 16.8423157
4 1 257.492199
5 1 -2.59183183
6 1 113.154982
7 1 -2.0260291e-310
8 1 -2.93679333e-310
9 1 -1.98993389e-311
10 1 0
11 1 0
12 1 0
1 2 -0.638402937
2 2 40.4742691
3 2 -0.800413294
4 2 -38.6823238
5 2 -443.054283
6 2 22.8033244
7 2 -2.93679461e-310
8 2 3.58178513e-311
9 2 -3.07907718e-310
10 2 0
11 2 0
12 2 0
1 3 16.8423157
2 3 -0.800413294
3 3 14.7633244
4 3 225.734744
5 3 0.374099216
6 3 98.9581028
7 3 -1.98992826e-311
8 3 -3.07907671e-310
9 3 1.66785593e-310
10 3 0
11 3 0
12 3 0
1 4 257.492199
2 4 -38.6823238
3 4 225.734744
4 4 3471.50244
5 4 295.295114
6 4 1494.96343
7 4 2.47025692e-312
8 4 7.1994333e-312
9 4 -1.94549265e-312
10 4 -0.999929772
11 4 0.00322010127
12 4 0.0114073341
1 5 -2.59183183
2 5 -443.054283
3 5 0.374099216
4 5 295.295114
5 5 4856.79893
6 5 -305.76953
7 5 -5.52436267e-312
8 5 3.28444629e-313
9 5 -5.58320501e-312
10 5 -0.00337076208
11 5 -0.999907087
12 5 -0.0132071993
1 6 113.154982
2 6 22.8033244
3 6 98.9581028
4 6 1494.96343
5 6 -305.76953
6 6 685.214151
7 6 -2.16400176e-312
8 6 -1.78805929e-312
9 6 -1.02807657e-312
10 6 -0.0113637867
11 6 0.0132447433
12 6 -0.999847688
1 7 -2.0260291e-310
2 7 -2.93679461e-310
3 7 -1.98992826e-311
4 7 2.47025692e-312
5 7 -5.52436267e-312
6 7 -2.16400176e-312
7 7 18.899499
8 7 -0.421804833
9 7 16.5587125
10 7 254.521187
11 7 -7.11372972
12 7 108.239065
13 7 -1.97801528e-310
14 7 -2.95642701e-310
15 7 -1.77839966e-311
16 7 0
17 7 0
18 7 0
1 8 -2.93679333e-310
2 8 3.58178513e-311
3 8 -3.07907671e-310
4 8 7.1994333e-312
5 8 3.28444629e-313
6 8 -1.78805929e-312
7 8 -0.421804833
8 8 39.3988281
9 8 -0.658206401
10 8 -36.4972993
11 8 -432.062316
12 8 17.7560606
13 8 -2.95642889e-310
14 8 3.20505753e-311
15 8 -3.08205447e-310
16 8 0
17 8 0
18 8 0
1 9 -1.98993389e-311
2 9 -3.07907718e-310
3 9 1.66785593e-310
4 9 -1.94549265e-312
5 9 -5.58320501e-312
6 9 -1.02807657e-312
7 9 16.5587125
8 9 -0.658206401
9 9 14.5292602
10 9 223.392284
11 9 -3.07092064
12 9 94.7545766
13 9 -1.77842352e-311
14 9 -3.08205435e-310
15 9 1.65751023e-310
16 9 0
17 9 0
18 9 0
1 10 0
2 10 0
3 10 0
4 10 -0.999929772
5 10 -0.00337076208
6 10 -0.0113637867
7 10 254.521187
8 10 -36.4972993
9 10 223.392284
10 10 3456.04293
11 10 242.165503
12 10 1442.38175
13 10 8.79425184e-313
14 10 2.69275779e-312
15 10 -7.39979637e-313
16 10 -0.999966045
17 10 -0.00438201354
18 10 0.00698306066
1 11 0
2 11 0
3 11 0
4 11 0.00322010127
5 11 -0.999907087
6 11 0.0132447433
7 11 -7.11372972
8 11 -432.062316
9 11 -3.07092064
10 11 242.165503
11 11 4748.51665
12 11 -261.707068
13 11 -2.05822251e-312
14 11 9.86111743e-314
15 11 -2.07168739e-312
16 11 0.00439100351
17 11 -0.999989554
18 11 0.00126855444
1 12 0
2 12 0
3 12 0
4 12 0.0114073341
5 12 -0.0132071993
6 12 -0.999847688
7 12 108.239065
8 12 17.7560606
9 12 94.7545766
10 12 1442.38175
11 12 -261.707068
12 12 633.55026
13 12 -6.56292546e-313
14 12 -5.65240412e-313
15 12 -3.06017798e-313
16 12 -0.00697741438
17 12 -0.0012992229
18 12 -0.999974758
7 13 -1.97801528e-310
8 13 -2.95642889e-310
9 13 -1.77842352e-311
10 13 8.79425184e-313
11 13 -2.05822251e-312
12 13 -6.56292546e-313
13 13 18.7524894
14 13 -0.415453252
15 13 16.4350234
16 13 253.499876
17 13 -5.85622174
18 13 105.617854
19 13 -1.94712943e-310
20 13 -2.97329687e-310
21 13 -1.58208793e-311
22 13 0
23 13 0
24 13 0
7 14 -2.95642701e-310
8 14 3.20505753e-311
9 14 -3.08205435e-310
10 14 2.69275779e-312
11 14 9.86111743e-314
12 14 -5.65240412e-313
13 14 -0.415453252
14 14 38.8575079
15 14 -0.667038976
16 14 -34.1097116
17 14 -426.455984
18 14 18.2081149
19 14 -2.97330257e-310
20 14 2.94378455e-311
21 14 -3.07930948e-310
22 14 0
23 14 0
24 14 0
7 15 -1.77839966e-311
8 15 -3.08205447e-310
9 15 1.65751023e-310
10 15 -7.39979637e-313
11 15 -2.07168739e-312
12 15 -3.06017798e-313
13 15 16.4350234
14 15 -0.667038976
15 15 14.4253525
16 15 222.561453
17 15 -1.81070962
18 15 92.4723244
19 15 -1.58214621e-311
20 15 -3.07930351e-310
21 15 1.65274842e-310
22 15 0
23 15 0
24 15 0
7 16 0
8 16 0
9 16 0
10 16 -0.999966045
11 16 0.00439100351
12 16 -0.00697741438
13 16 253.499876
14 16 -34.1097116
15 16 222.561453
16 16 3452.02217
17 16 233.540949
18 16 1413.17679
19 16 5.92406547e-313
20 16 1.83440917e-312
21 16 -4.97612604e-313
22 16 -0.999984328
23 16 -0.00356724292
24 16 0.00430681874
7 17 0
8 17 0
9 17 0
10 17 -0.00438201354
11 17 -0.999989554
12 17 -0.0012992229
13 17 -5.85622174
14 17 -426.455984
15 17 -1.81070962
16 17 233.540949
17 17 4689.13478
18 17 -258.239098
19 17 -1.4094562e-312
20 17 6.21538256e-314
21 17 -1.41428157e-312
22 17 0.00356541283
23 17 -0.999993518
24 17 -0.000426052784
7 18 0
8 18 0
9 18 0
10 18 0.00698306066
11 18 0.00126855444
12 18 -0.999974758
13 18 105.617854
14 18 18.2081149
15 18 92.4723244
16 18 1413.17679
17 18 -258.239098
18 18 609.035805
19 18 -9.93912412e-313
20 18 1.4426154e-312
21 18 -1.81833827e-312
22 18 -0.00430833862
23 18 0.000410698272
24 18 -0.99999053
13 19 -1.94712943e-310
14 19 -2.97330257e-310
15 19 -1.58214621e-311
16 19 5.92406547e-313
17 19 -1.4094562e-312
18 19 -9.93912412e-313
19 19 18.653555
20 19 -0.402497377
21 19 16.3625045
22 19 252.820761
23 19 -5.09009406
24 19 104.089803
25 19 -1.91708399e-310
26 19 -2.99220763e-310
27 19 -1.28471507e-311
28 19 0
29 19 0
30 19 0
13 20 -2.97329687e-310
14 20 2.94378455e-311
15 20 -3.07930351e-310
16 20 1.83440917e-312
17 20 6.21538256e-314
18 20 1.4426154e-312
19 20 -0.402497377
20 20 38.548376
21 20 -0.648616877
22 20 -32.0341103
23 20 -423.394203
24 20 17.9329023
25 20 -2.99221144e-310
26 20 2.52532629e-311
27 20 -3.07047607e-310
28 20 0
29 20 0
30 20 0
13 21 -1.58208793e-311
14 21 -3.07930948e-310
15 21 1.65274842e-310
16 21 -4.97612604e-313
17 21 -1.41428157e-312
18 21 -1.81833827e-312
19 21 16.3625045
20 21 -0.648616877
21 21 14.3739956
22 21 222.13938
23 21 -1.22118605
24 21 91.2166751
25 21 -1.28469857e-311
26 21 -3.07047417e-310
27 21 1.66455023e-310
28 21 0
29 21 0
30 21 0
13 22 0
14 22 0
15 22 0
16 22 -0.999984328
17 22 0.00356541283
18 22 -0.00430833862
19 22 252.820761
20 22 -32.0341103
21 22 222.13938
22 22 3449.18904
23 22 222.911515
24 22 1397.34064
25 22 6.32241665e-313
26 22 2.00890754e-312
27 22 -5.5350457e-313
28 22 -0.999982357
29 22 -0.00547960372
30 22 0.00229178089
13 23 0
14 23 0
15 23 0
16 23 -0.00356724292
17 23 -0.999993518
18 23 0.000410698272
19 23 -5.09009406
20 23 -423.394203
21 23 -1.22118605
22 23 222.911515
23 23 4658.22048
24 23 -249.767865
25 23 -1.54340912e-312
26 23 5.28689567e-314
27 23 -1.53866125e-312
28 23 0.00547872777
29 23 -0.999984901
30 23 -0.000361017
13 24 0
14 24 0
15 24 0
16 24 0.00430681874
17 24 -0.000426052784
18 24 -0.99999053
19 24 104.089803
20 24 17.9329023
21 24 91.2166751
22 24 1397.34064
23 24 -249.767865
24 24 594.69912
25 24 -2.31765884e-312
26 24 5.44167656e-313
27 24 -2.58149011e-312
28 24 -0.00229382269
29 24 0.000348537241
30 24 -0.999997277
19 25 -1.91708399e-310
20 25 -2.99221144e-310
21 25 -1.28469857e-311
22 25 6.32241665e-313
23 25 -1.54340912e-312
24 25 -2.31765884e-312
25 25 18.6054339
26 25 -0.385390324
27 25 16.3433911
28 25 252.681917
29 25 -3.91476028
30 25 103.331409
31 25 -1.82395138e-310
32 25 -3.03432569e-310
33 25 -6.52629553e-312
34 25 0
35 25 0
36 25 0
19 26 -2.99220763e-310
20 26 2.52532629e-311
21 26 -3.07047417e-310
22 26 2.00890754e-312
23 26 5.28689567e-314
24 26 5.44167656e-313
25 26 -0.385390324
26 26 38.4235532
27 26 -0.638377278
28 26 -29.3003708
29 26 -422.385171
30 26 17.6003475
31 26 -3.03432458e-310
32 26 1.50106627e-311
33 26 -3.06031229e-310
34 26 0
35 26 0
36 26 0
19 27 -1.28471507e-311
20 27 -3.07047607e-310
21 27 1.66455023e-310
22 27 -5.5350457e-313
23 27 -1.53866125e-312
24 27 -2.58149011e-312
25 27 16.3433911
26 27 -0.638377278
27 27 14.3775376
28 27 222.315125
29 27 -0.144512915
30 27 90.6799003
31 27 -6.52628233e-312
32 27 -3.06031119e-310
33 27 1.67383949e-310
34 27 0
35 27 0
36 27 0
19 28 0
20 28 0
21 28 0
22 28 -0.999982357
23 28 0.00547872777
24 28 -0.00229382269
25 28 252.681917
26 28 -29.3003708
27 28 222.315125
28 28 3451.02805
29 28 211.335874
30 28 1391.45774
31 28 6.12231291e-313
32 28 1.99868084e-312
33 28 -5.34694507e-313
34 28 -0.999873941
35 28 -0.0123987319
36 28 0.00991722716
19 29 0
20 29 0
21 29 0
22 29 -0.00547960372
23 29 -0.999984901
24 29 0.000348537241
25 29 -3.91476028
26 29 -422.385171
27 29 -0.144512915
28 29 211.335874
29 29 4649.83275
30 29 -238.458055
31 29 -1.5341736e-312
32 29 1.2812652e-314
33 29 -1.51149129e-312
34 29 0.0124126123
35 29 -0.999922032
36 29 0.00134844696
19 30 0
20 30 0
21 30 0
22 30 0.00229178089
23 30 -0.000361017
24 30 -0.999997277
25 30 103.331409
26 30 17.6003475
27 30 90.6799003
28 30 1391.45774
29 30 -238.458055
30 30 587.321769
31 30 -3.44909645e-312
32 30 3.92408485e-313
33 30 -3.60457834e-312
34 30 -0.00989969207
35 30 -0.00147131855
36 30 -0.999949874
25 31 -1.82395138e-310
26 31 -3.03432458e-310
27 31 -6.52628233e-312
28 31 6.12231291e-313
29 31 -1.5341736e-312
30 31 -3.44909645e-312
31 31 18.4136415
32 31 -0.372241092
33 31 16.2074249
34 31 251.421534
35 31 -0.728293307
36 31 99.8871167
37 31 -1.74822101e-310
38 31 -3.07007703e-310
39 31 -7.84885811e-313
40 31 0
41 31 0
42 31 0
25 32 -3.03432569e-310
26 32 1.50106627e-311
27 32 -3.06031119e-310
28 32 1.99868084e-312
29 32 1.2812652e-314
30 32 3.92408485e-313
31 32 -0.372241092
32 32 37.7838833
33 32 -0.629253479
34 32 -23.2965459
35 32 -415.825977
36 32 17.7917246
37 32 -3.07007008e-310
38 32 6.28148821e-312
39 32 -3.04574544e-310
40 32 0
41 32 0
42 32 0
25 33 -6.52629553e-312
26 33 -3.06031229e-310
27 33 1.67383949e-310
28 33 -5.34694507e-313
29 33 -1.51149129e-312
30 33 -3.60457834e-312
31 33 16.2074249
32 33 -0.629253479
33 33 14.2864964
34 33 221.60794
35 33 2.67812381
36 33 87.824145
37 33 -7.84934356e-313
38 33 -3.04575203e-310
39 33 1.6854168e-310
40 33 0
41 33 0
42 33 0
25 34 0
26 34 0
27 34 0
28 34 -0.999873941
29 34 0.0124126123
30 34 -0.00989969207
31 34 251.421534
32 34 -23.2965459
33 34 221.60794
34 34 3445.96255
35 34 190.414639
36 34 1354.76941
37 34 1.24038734e-312
38 34 4.42733866e-312
39 34 -1.24467849e-312
40 34 -0.999912844
41 34 -0.0109296251
42 34 0.00739883919
25 35 0
26 35 0
27 35 0
28 35 -0.0123987319
29 35 -0.999922032
30 35 -0.00147131855
31 35 -0.728293307
32 35 -415.825977
33 35 2.67812381
34 35 190.414639
35 35 4580.60231
36 35 -221.650628
37 35 -3.39377948e-312
38 35 -1.39186483e-314
39 35 -3.32055254e-312
40 35 0.0109296491
41 35 -0.999940299
42 35 -2.96303987e-05
25 36 0
26 36 0
27 36 0
28 36 0.00991722716
29 36 0.00134844696
30 36 -0.999949874
31 36 99.8871167
32 36 17.7917246
33 36 87.824145
34 36 1354.76941
35 36 -221.650628
36 36 555.50969
37 36 -3.37958478e-312
38 36 -1.84073085e-312
39 36 -2.29111818e-312
40 36 -0.0073986397
41 36 -5.10715438e-05
42 36 -0.999972602
31 37 -1.74822101e-310
32 37 -3.07007008e-310
33 37 -7.84934356e-313
34 37 1.24038734e-312
35 37 -3.39377948e-312
36 37 -3.37958478e-312
37 37 18.2282112
38 37 -0.332837515
39 37 16.0706329
40 37 250.012808
41 37 1.60235762
42 37 97.0156455
43 37 -1.6474245e-310
44 37 -3.15552858e-310
45 37 1.31802548e-311
46 37 0
47 37 0
48 37 0
31 38 -3.07007703e-310
32 38 6.28148821e-312
33 38 -3.04575203e-310
34 38 4.42733866e-312
35 38 -1.39186483e-314
36 38 -1.84073085e-312
37 38 -0.332837515
38 38 37.2202407
39 38 -0.626606969
40 38 -18.0186423
41 38 -410.146303
42 38 17.4734788
43 38 -3.15552266e-310
44 38 -8.38209924e-312
45 38 -2.96960912e-310
46 38 0
47 38 0
48 38 0
31 39 -7.84885811e-313
32 39 -3.04574544e-310
33 39 1.6854168e-310
34 39 -1.24467849e-312
35 39 -3.32055254e-312
36 39 -2.29111818e-312
37 39 16.0706329
38 39 -0.626606969
39 39 14.1896928
40 39 220.703852
41 39 5.08523504
42 39 85.4211778
43 39 1.31799722e-311
44 39 -2.96961466e-310
45 39 1.73124769e-310
46 39 0
47 39 0
48 39 0
31 40 0
32 40 0
33 40 0
34 40 -0.999912844
35 40 0.0109296491
36 40 -0.0073986397
37 40 250.012808
38 40 -18.0186423
39 40 220.703852
40 40 3438.20289
41 40 170.121098
42 40 1324.118
43 40 9.50959576e-313
44 40 3.75570817e-312
45 40 -1.12168126e-312
46 40 -0.999722376
47 40 -0.0230051825
48 40 0.00509505929
31 41 0
32 41 0
33 41 0
34 41 -0.0109296251
35 41 -0.999940299
36 41 -5.10715438e-05
37 41 1.60235762
38 41 -410.146303
39 41 5.08523504
40 41 170.121098
41 41 4522.81473
42 41 -203.181091
43 41 -3.02892647e-312
44 41 -1.22609934e-313
45 41 -2.8276851e-312
46 41 0.0229415916
47 41 -0.99966258
48 41 -0.0121844119
31 42 0
32 42 0
33 42 0
34 42 0.00739883919
35 42 -2.96303987e-05
36 42 -0.999972602
37 42 97.0156455
38 42 17.4734788
39 42 85.4211778
40 42 1324.118
41 42 -203.181091
42 42 529.547858
43 42 -6.51790182e-312
44 42 2.20136685e-313
45 42 -6.346484e-312
46 42 -0.005373574
47 42 0.0120640865
48 42 -0.999912759
37 43 -1.6474245e-310
38 43 -3.15552266e-310
39 43 1.31799722e-311
40 43 9.50959576e-313
41 43 -3.02892647e-312
42 43 -6.51790182e-312
43 43 18.0070584
44 43 -0.17983785
45 43 15.9325157
46 43 247.962427
47 43 4.47366853
48 43 94.8172185
49 43 -1.62861033e-310
50 43 -3.24525207e-310
51 43 2.02516969e-311
52 43 0
53 43 0
54 43 0
37 44 -3.15552858e-310
38 44 -8.38209924e-312
39 44 -2.96961466e-310
40 44 3.75570817e-312
41 44 -1.22609934e-313
42 44 2.20136685e-313
43 44 -0.17983785
44 44 36.7722293
45 44 -0.49931248
46 44 -6.18292321
47 44 -405.978991
48 44 12.4948144
49 44 -3.24524997e-310
50 44 -3.5780454e-312
51 44 -2.89272941e-310
52 44 0
53 44 0
54 44 0
37 45 1.31802548e-311
38 45 -2.96960912e-310
39 45 1.73124769e-310
40 45 -1.12168126e-312
41 45 -2.8276851e-312
42 45 -6.346484e-312
43 45 15.9325157
44 45 -0.49931248
45 45 14.1181994
46 45 219.591568
47 45 7.71759442
48 45 83.829458
49 45 2.02513972e-311
50 45 -2.89273289e-310
51 45 1.66438977e-310
52 45 0
53 45 0
54 45 0
37 46 0
38 46 0
39 46 0
40 46 -0.999722376
41 46 0.0229415916
42 46 -0.005373574
43 46 247.962427
44 46 -6.18292321
45 46 219.591568
46 46 3419.11687
47 46 102.423539
48 46 1304.72725
49 46 2.03131033e-312
50 46 7.95766275e-312
51 46 -2.25672812e-312
52 46 -0.999951205
53 46 -0.00546945047
54 46 0.0082301579
37 47 0
38 47 0
39 47 0
40 47 -0.0230051825
41 47 -0.99966258
42 47 0.0120640865
43 47 4.47366853
44 47 -405.978991
45 47 7.71759442
46 47 102.423539
47 47 4485.47259
48 47 -124.458906
49 47 -6.59220122e-312
50 47 -1.6999668e-313
51 47 -5.82623211e-312
52 47 0.00522611918
53 47 -0.999557213
54 47 -0.029293082
37 48 0
38 48 0
39 48 0
40 48 0.00509505929
41 48 -0.0121844119
42 48 -0.999912759
43 48 94.8172185
44 48 12.4948144
45 48 83.829458
46 48 1304.72725
47 48 -124.458906
48 48 507.425748
49 48 -8.54168117e-312
50 48 -3.10507718e-312
51 48 -6.07052794e-312
52 48 -0.00838672949
53 48 0.0292486677
54 48 -0.999537012
43 49 -1.62861033e-310
44 49 -3.24524997e-310
45 49 2.02513972e-311
46 49 2.03131033e-312
47 49 -6.59220122e-312
48 49 -8.54168117e-312
49 49 17.7494099
50 49 0.155858098
51 49 15.7678405
52 49 246.040544
53 49 -0.664238881
54 49 91.5456291
55 49 -1.53320069e-310
56 49 -3.36700508e-310
57 49 3.13606804e-311
58 49 0
59 49 0
60 49 0
43 50 -3.24525207e-310
44 50 -3.5780454e-312
45 50 -2.89273289e-310
46 50 7.95766275e-312
47 50 -1.6999668e-313
48 50 -3.10507718e-312
49 50 0.155858098
50 50 36.1650027
51 50 -0.254126304
52 50 0.601650538
53 50 -400.006153
54 50 1.42961911
55 50 -3.36701066e-310
56 50 -5.09311553e-312
57 50 -2.79033826e-310
58 50 0
59 50 0
60 50 0
43 51 2.02516969e-311
44 51 -2.89272941e-310
45 51 1.66438977e-310
46 51 -2.25672812e-312
47 51 -5.82623211e-312
48 51 -6.07052794e-312
49 51 15.7678405
50 51 -0.254126304
51 51 14.0295503
52 51 218.749098
53 51 3.7546932
54 51 81.3777734
55 51 3.13610983e-311
56 51 -2.7903341e-310
57 51 1.58413574e-310
58 51 0
59 51 0
60 51 0
43 52 0
44 52 0
45 52 0
46 52 -0.999951205
47 52 0.00522611918
48 52 -0.00838672949
49 52 246.040544
50 52 0.601650538
51 52 218.749098
52 52 3414.86979
53 52 7.92471194
54 52 1269.37758
55 52 1.83908856e-312
56 52 7.86317666e-312
57 52 -2.18808912e-312
58 52 -0.999773968
59 52 -0.0142413403
60 52 0.0157888573
43 53 0
44 53 0
45 53 0
46 53 -0.00546945047
47 53 -0.999557213
48 53 0.0292486677
49 53 -0.664238881
50 53 -400.006153
51 53 3.7546932
52 53 7.92471194
53 53 4427.29811
54 53 -9.98719069
55 53 -6.73730655e-312
56 53 -1.52241794e-313
57 53 -5.55955411e-312
58 53 0.0137184709
59 53 -0.999369691
60 53 -0.0327435358
43 54 0
44 54 0
45 54 0
46 54 0.0082301579
47 54 -0.029293082
48 54 -0.999537012
49 54 91.5456291
50 54 1.42961911
51 54 81.3777734
52 54 1269.37758
53 54 -9.98719069
54 54 475.422801
55 54 -8.39465514e-312
56 54 2.58122446e-313
57 54 -7.13934411e-312
58 54 -0.0162451181
59 54 0.0325194796
60 54 -0.99933914
49 55 -1.53320069e-310
50 55 -3.36701066e-310
51 55 3.13610983e-311
52 55 1.83908856e-312
53 55 -6.73730655e-312
54 55 -8.39465514e-312
55 55 17.4562029
56 55 0.471527407
57 55 15.5712249
58 55 244.339316
59 55 -3.64558953
60 55 86.1955682
61 55 -1.45777484e-310
62 55 -3.44535632e-310
63 55 3.9400425e-311
64 55 0
65 55 0
66 55 0
49 56 -3.36700508e-310
50 56 -5.09311553e-312
51 56 -2.7903341e-310
52 56 7.86317666e-312
53 56 -1.52241794e-313
54 56 2.58122446e-313
55 56 0.471527407
56 56 35.2431478
57 56 0.013499696
58 56 10.5498764
59 56 -390.180661
60 56 -10.6625949
61 56 -3.44534206e-310
62 56 -8.5499317e-312
63 56 -2.71471474e-310
64 56 0
65 56 0
66 56 0
49 57 3.13606804e-311
50 57 -2.79033826e-310
51 57 1.58413574e-310
52 57 -2.18808912e-312
53 57 -5.55955411e-312
54 57 -7.13934411e-312
55 57 15.5712249
56 57 0.013499696
57 57 13.9118541
58 57 218.066384
59 57 1.25799906
60 57 77.0947519
61 57 3.93998005e-311
62 57 -2.71472128e-310
63 57 1.54327022e-310
64 57 0
65 57 0
66 57 0
49 58 0
50 58 0
51 58 0
52 58 -0.999773968
53 58 0.0137184709
54 58 -0.0162451181
55 58 244.339316
56 58 10.5498764
57 58 218.066384
58 58 3424.7233
59 58 -94.8695769
60 58 1205.4296
61 58 6.52256496e-313
62 58 2.75528884e-312
63 58 -7.2549506e-313
64 58 -0.999892088
65 58 -0.0116628518
66 58 0.0089300901
49 59 0
50 59 0
51 59 0
52 59 -0.0142413403
53 59 -0.999369691
54 59 0.0325194796
55 59 -3.64558953
56 59 -390.180661
57 59 1.25799906
58 59 -94.8695769
59 59 4322.75657
60 59 126.178909
61 59 -2.51662664e-312
62 59 -5.27836644e-314
63 59 -1.98731995e-312
64 59 0.0114760174
65 59 -0.999719889
66 59 -0.0206994469
49 60 0
50 60 0
51 60 0
52 60 0.0157888573
53 60 -0.0327435358
54 60 -0.99933914
55 60 86.1955682
56 60 -10.6625949
57 60 77.0947519
58 60 1205.4296
59 60 126.178909
60 60 433.652657
61 60 -1.04838216e-311
62 60 3.84535801e-313
63 60 -8.55232251e-312
64 60 -0.00916901811
65 60 0.0205946841
66 60 -0.999745922
55 61 -1.45777484e-310
56 61 -3.44534206e-310
57 61 3.93998005e-311
58 61 6.52256496e-313
59 61 -2.51662664e-312
60 61 -1.04838216e-311
61 61 17.3483041
62 61 0.659458246
63 61 15.5541817
64 61 244.43395
65 61 -4.65369102
66 61 83.5057319
67 61 -1.35664047e-310
68 61 -3.42605071e-310
69 61 3.73159405e-311
70 61 0
71 61 0
72 61 0
55 62 -3.44535632e-310
56 62 -8.5499317e-312
57 62 -2.71472128e-310
58 62 2.75528884e-312
59 62 -5.27836644e-314
60 62 3.84535801e-313
61 62 0.659458246
62 62 34.8969182
63 62 0.184066426
64 62 17.8150312
65 62 -386.092814
66 62 -18.6801436
67 62 -3.42605345e-310
68 62 -1.66196972e-311
69 62 -2.77161111e-310
70 62 0
71 62 0
72 62 0
55 63 3.9400425e-311
56 63 -2.71471474e-310
57 63 1.54327022e-310
58 63 -7.2549506e-313
59 63 -1.98731995e-312
60 63 -8.55232251e-312
61 63 15.5541817
62 63 0.184066426
63 63 13.9675925
64 63 219.212496
65 63 0.336409422
66 63 75.1808402
67 63 3.73158743e-311
68 63 -2.77160813e-310
69 63 1.52283309e-310
70 63 0
71 63 0
72 63 0
55 64 0
56 64 0
57 64 0
58 64 -0.999892088
59 64 0.0114760174
60 64 -0.00916901811
61 64 244.43395
62 64 17.8150312
63 64 219.212496
64 64 3450.3081
65 64 -159.999258
66 64 1171.60788
67 64 -1.67517934e-312
68 64 -8.83156677e-312
69 64 2.47450304e-312
70 64 -0.999886019
71 64 -0.0033311289
72 64 0.0147240694
55 65 0
56 65 0
57 65 0
58 65 -0.0116628518
59 65 -0.999719889
60 65 0.0205946841
61 65 -4.65369102
62 65 -386.092814
63 65 0.336409422
64 65 -159.999258
65 65 4274.91743
66 65 219.785271
67 65 7.29150845e-312
68 65 2.16153568e-313
69 65 5.9588927e-312
70 65 0.00359364855
71 65 -0.999834457
72 65 0.0178361192
55 66 0
56 66 0
57 66 0
58 66 0.0089300901
59 66 -0.0206994469
60 66 -0.999745922
61 66 83.5057319
62 66 -18.6801436
63 66 75.1808402
64 66 1171.60788
65 66 219.785271
66 66 418.899385
67 66 -3.92258344e-312
68 66 -5.94883876e-313
69 66 -2.99621538e-312
70 66 -0.0146622336
71 66 -0.0178869642
72 66 -0.999732527
61 67 -1.35664047e-310
62 67 -3.42605345e-310
63 67 3.73158743e-311
64 67 -1.67517934e-312
65 67 7.29150845e-312
66 67 -3.92258344e-312
67 67 2.85734818e-310
68 67 6.81195627e-310
69 67 -7.24381219e-311
70 67 6.81945087e-312
71 67 -2.48208371e-311
72 67 -5.20578518e-312
73 67 -1.50070848e-310
74 67 -3.38590831e-310
75 67 3.51219217e-311
76 67 0
77 67 0
78 67 0
61 68 -3.42605071e-310
62 68 -1.66196972e-311
63 68 -2.77160813e-310
64 68 -8.83156677e-312
65 68 2.16153568e-313
66 68 -5.94883876e-313
67 68 6.81195627e-310
68 68 2.63303485e-311
69 68 5.53881173e-310
70 68 3.04352775e-311
71 68 -1.09067971e-313
72 68 5.41412881e-312
73 68 -3.38590944e-310
74 68 -9.7102648e-312
75 68 -2.76720375e-310
76 68 0
77 68 0
78 68 0
61 69 3.73159405e-311
62 69 -2.77161111e-310
63 69 1.52283309e-310
64 69 2.47450304e-312
65 69 5.9588927e-312
66 69 -2.99621538e-312
67 69 -7.24381219e-311
68 69 5.53881173e-310
69 69 -3.1206471e-310
70 69 -8.69865949e-312
71 69 -2.05698449e-311
72 69 -6.88026695e-312
73 69 3.51223009e-311
74 69 -2.76720694e-310
75 69 1.59781138e-310
76 69 0
77 69 0
78 69 0
61 70 0
62 70 0
63 70 0
64 70 -0.999886019
65 70 0.00359364855
66 70 -0.0146622336
67 70 6.81945087e-312
68 70 3.04352775e-311
69 70 -8.69865949e-312
70 70 1.99999996
71 70 -1.7028442e-09
72 70 -6.919436e-08
73 70 -6.81942174e-312
74 70 -3.04353061e-311
75 70 8.69865949e-312
76 70 -0.999692242
77 70 0.00819254911
78 70 -0.0234140766
61 71 0
62 71 0
63 71 0
64 71 -0.0033311289
65 71 -0.999834457
66 71 -0.0178869642
67 71 -2.48208371e-311
68 71 -1.09067971e-313
69 71 -2.05698449e-311
70 71 -1.7028442e-09
71 71 1.99999997
72 71 -7.06514856e-08
73 71 2.48208662e-311
74 71 1.09053198e-313
75 71 2.05698449e-311
76 71 -0.00819167351
77 71 -0.999966438
78 71 -0.000133559726
61 72 0
62 72 0
63 72 0
64 72 0.0147240694
65 72 0.0178361192
66 72 -0.999732527
67 72 -5.20578518e-312
68 72 5.41412881e-312
69 72 -6.88026695e-312
70 72 -6.919436e-08
71 72 -7.06514856e-08
72 72 2.00000001
73 72 5.20579792e-312
74 72 -5.41413775e-312
75 72 6.88026695e-312
76 72 0.023414511
77 72 -5.82329622e-05
78 72 -0.999725856
67 73 -1.50070848e-310
68 73 -3.38590944e-310
69 73 3.51223009e-311
70 73 -6.81942174e-312
71 73 2.48208662e-311
72 73 5.20579792e-312
73 73 3.05449999e-310
74 73 6.80664967e-310
75 73 -6.33432453e-311
76 73 1.06776859e-311
77 73 -3.60260085e-311
78 73 -1.71260246e-311
79 73 -1.55379803e-310
80 73 -3.42073796e-310
81 73 2.82206671e-311
82 73 0
83 73 0
84 73 0
67 74 -3.38590831e-310
68 74 -9.7102648e-312
69 74 -2.76720694e-310
70 74 -3.04353061e-311
71 74 1.09053198e-313
72 74 -5.41413775e-312
73 74 6.80664967e-310
74 74 -1.19300305e-312
75 74 5.52666896e-310
76 74 4.3114989e-311
77 74 1.61123599e-312
78 74 1.40471342e-311
79 74 -3.42074129e-310
80 74 1.090288e-311
81 74 -2.75945988e-310
82 74 0
83 74 0
84 74 0
67 75 3.51219217e-311
68 75 -2.76720375e-310
69 75 1.59781138e-310
70 75 8.69865949e-312
71 75 2.05698449e-311
72 75 6.88026695e-312
73 75 -6.33432453e-311
74 75 5.52666896e-310
75 75 -3.04258128e-310
76 75 -1.06159712e-311
77 75 -2.92665535e-311
78 75 -1.97898062e-311
79 75 2.82207826e-311
80 75 -2.75946153e-310
81 75 1.44476675e-310
82 75 0
83 75 0
84 75 0
67 76 0
68 76 0
69 76 0
70 76 -0.999692242
71 76 -0.00819167351
72 76 0.023414511
73 76 1.06776859e-311
74 76 4.3114989e-311
75 76 -1.06159712e-311
76 76 1.99999993
77 76 -1.28226492e-09
78 76 -1.39130466e-07
79 76 -1.06777283e-311
80 76 -4.31149899e-311
81 76 1.0615931e-311
82 76 -0.999747981
83 76 0.0170691693
84 76 0.0145794815
67 77 0
68 77 0
69 77 0
70 77 0.00819254911
71 77 -0.999966438
72 77 -5.82329622e-05
73 77 -3.60260085e-311
74 77 1.61123599e-312
75 77 -2.92665535e-311
76 77 -1.28226492e-09
77 77 2.00000006
78 77 -1.4443129e-08
79 77 3.60260481e-311
80 77 -1.61121538e-312
81 77 2.92665304e-311
82 77 -0.0173818625
83 77 -0.999615568
84 77 -0.0216005925
67 78 0
68 78 0
69 78 0
70 78 -0.0234140766
71 78 -0.000133559726
72 78 -0.999725856
73 78 -1.71260246e-311
74 78 1.40471342e-311
75 78 -1.97898062e-311
76 78 -1.39130466e-07
77 78 -1.4443129e-08
78 78 1.99999998
79 78 1.71260341e-311
80 78 -1.40471228e-311
81 78 1.97897809e-311
82 78 -0.0142050901
83 78 0.02184856
84 78 -0.999660397
73 79 -1.55379803e-310
74 79 -3.42074129e-310
75 79 2.82207826e-311
76 79 -1.06777283e-311
77 79 3.60260481e-311
78 79 1.71260341e-311
79 79 3.14424716e-310
80 79 6.84016801e-310
81 79 -4.81353279e-311
82 79 1.94257805e-311
83 79 -6.39853108e-311
84 79 -3.82841404e-311
85 79 -1.59044179e-310
86 79 -3.41942677e-310
87 79 1.99150995e-311
88 79 0
89 79 0
90 79 0
73 80 -3.42073796e-310
74 80 1.090288e-311
75 80 -2.75946153e-310
76 80 -4.31149899e-311
77 80 -1.61121538e-312
78 80 -1.40471228e-311
79 80 6.84016801e-310
80 80 -3.71005346e-311
81 80 5.54133786e-310
82 80 7.73099956e-311
83 80 3.83978495e-312
84 80 2.62240847e-311
85 80 -3.41942641e-310
86 80 2.61976571e-311
87 80 -2.78188065e-310
88 80 0
89 80 0
90 80 0
73 81 2.82206671e-311
74 81 -2.75945988e-310
75 81 1.44476675e-310
76 81 1.0615931e-311
77 81 2.92665304e-311
78 81 1.97897809e-311
79 81 -4.81353279e-311
80 81 5.54133786e-310
81 81 -2.7732304e-310
82 81 -1.74186955e-311
83 81 -5.16073908e-311
84 81 -4.09659316e-311
85 81 1.99150778e-311
86 81 -2.78187807e-310
87 81 1.32846987e-310
88 81 0
89 81 0
90 81 0
73 82 0
74 82 0
75 82 0
76 82 -0.999747981
77 82 -0.0173818625
78 82 -0.0142050901
79 82 1.94257805e-311
80 82 7.73099956e-311
81 82 -1.74186955e-311
82 82 1.9999999
83 82 -9.07234091e-08
84 82 -1.23862903e-08
85 82 -1.94257089e-311
86 82 -7.7309998e-311
87 82 1.74187673e-311
88 82 -0.999790359
89 82 0.0158539868
90 82 0.0129539063
73 83 0
74 83 0
75 83 0
76 83 0.0170691693
77 83 -0.999615568
78 83 0.02184856
79 83 -6.39853108e-311
80 83 3.83978495e-312
81 83 -5.16073908e-311
82 83 -9.07234091e-08
83 83 1.99999993
84 83 -4.30017661e-08
85 83 6.39853126e-311
86 83 -3.83974901e-312
87 83 5.16074303e-311
88 83 -0.0159431569
89 83 -0.999849687
90 83 -0.00681116074
73 84 0
74 84 0
75 84 0
76 84 0.0145794815
77 84 -0.0216005925
78 84 -0.999660397
79 84 -3.82841404e-311
80 84 2.62240847e-311
81 84 -4.09659316e-311
82 84 -1.23862903e-08
83 84 -4.30017661e-08
84 84 2.00000001
85 84 3.82841635e-311
86 84 -2.62240606e-311
87 84 4.09659808e-311
88 84 -0.0128439629
89 84 0.00701632302
90 84 -0.999892907
79 85 -1.59044179e-310
80 85 -3.41942641e-310
81 85 1.99150778e-311
82 85 -1.94257089e-311
83 85 6.39853126e-311
84 85 3.82841635e-311
85 85 3.18080922e-310
86 85 6.84619579e-310
87 85 -5.55418851e-311
88 85 1.39944887e-311
89 85 -6.02076085e-311
90 85 -3.34959691e-311
91 85 -1.59037061e-310
92 85 -3.42676897e-310
93 85 3.5626856e-311
94 85 0
95 85 0
96 85 0
79 86 -3.41942677e-310
80 86 2.61976571e-311
81 86 -2.78187807e-310
82 86 -7.7309998e-311
83 86 -3.83974901e-312
84 86 -2.62240606e-311
85 86 6.84619579e-310
86 86 -3.07733884e-311
87 86 5.48820826e-310
88 86 7.24762492e-311
89 86 -1.47781101e-312
90 86 2.97026363e-311
91 86 -3.42676887e-310
92 86 4.57592408e-312
93 86 -2.70632794e-310
94 86 0
95 86 0
96 86 0
79 87 1.99150995e-311
80 87 -2.78188065e-310
81 87 1.32846987e-310
82 87 1.74187673e-311
83 87 5.16074303e-311
84 87 4.09659808e-311
85 87 -5.55418851e-311
86 87 5.48820826e-310
87 87 -2.87308416e-310
88 87 -2.29247721e-311
89 87 -4.6482655e-311
90 87 -4.01335249e-311
91 87 3.56265303e-311
92 87 -2.70632809e-310
93 87 1.54461373e-310
94 87 0
95 87 0
96 87 0
79 88 0
80 88 0
81 88 0
82 88 -0.999790359
83 88 -0.0159431569
84 88 -0.0128439629
85 88 1.39944887e-311
86 88 7.24762492e-311
87 88 -2.29247721e-311
88 88 1.99999998
89 88 2.23077872e-08
90 88 1.66306669e-08
91 88 -1.39944887e-311
92 88 -7.24762513e-311
93 88 2.29248403e-311
94 88 -0.999173486
95 88 -0.0252512384
96 88 -0.0318549254
79 89 0
80 89 0
81 89 0
82 89 0.0158539868
83 89 -0.999849687
84 89 0.00701632302
85 89 -6.02076085e-311
86 89 -1.47781101e-312
87 89 -4.6482655e-311
88 89 2.23077872e-08
89 89 2.00000002
90 89 -1.99543897e-08
91 89 6.02076085e-311
92 89 1.47781106e-312
93 89 4.64826516e-311
94 89 0.0251901912
95 89 -0.999679993
96 89 0.00231625825
79 90 0
80 90 0
81 90 0
82 90 0.0129539063
83 90 -0.00681116074
84 90 -0.999892907
85 90 -3.34959691e-311
86 90 2.97026363e-311
87 90 -4.01335249e-311
88 90 1.66306669e-08
89 90 -1.99543897e-08
90 90 2.00000006
91 90 3.34959691e-311
92 90 -2.97026372e-311
93 90 4.01335516e-311
94 90 0.0319032325
95 90 -0.00151192923
96 90 -0.999489841
85 91 -1.59037061e-310
86 91 -3.42676887e-310
87 91 3.56265303e-311
88 91 -1.39944887e-311
89 91 6.02076085e-311
90 91 3.34959691e-311
91 91 2.94775043e-310
92 91 6.94396577e-310
93 91 -8.76993677e-311
94 91 9.7556712e-312
95 91 -4.86881063e-311
96 91 -2.40024028e-311
97 91 -1.35737987e-310
98 91 -3.51719377e-310
99 91 5.20731769e-311
100 91 0
101 91 0
102 91 0
85 92 -3.42676897e-310
86 92 4.57592408e-312
87 92 -2.70632809e-310
88 92 -7.24762513e-311
89 92 1.47781106e-312
90 92 -2.97026372e-311
91 92 6.94396577e-310
92 92 1.62480499e-311
93 92 5.32207282e-310
94 92 5.64925497e-311
95 92 -3.12652408e-312
96 92 2.79743991e-311
97 92 -3.51719676e-310
98 92 -2.08241481e-311
99 92 -2.61574434e-310
100 92 0
101 92 0
102 92 0
85 93 3.5626856e-311
86 93 -2.70632794e-310
87 93 1.54461373e-310
88 93 2.29248403e-311
89 93 4.64826516e-311
90 93 4.01335516e-311
91 93 -8.76993677e-311
92 93 5.32207282e-310
93 93 -3.11023809e-310
94 93 -1.76401969e-311
95 93 -3.6100833e-311
96 93 -3.09386362e-311
97 93 5.20725069e-311
98 93 -2.61574169e-310
99 93 1.56562676e-310
100 93 0
101 93 0
102 93 0
85 94 0
86 94 0
87 94 0
88 94 -0.999173486
89 94 0.0251901912
90 94 0.0319032325
91 94 9.7556712e-312
92 94 5.64925497e-311
93 94 -1.76401969e-311
94 94 2.00000007
95 94 -5.99730522e-09
96 94 -1.37226518e-07
97 94 -9.75567205e-312
98 94 -5.64924944e-311
99 94 1.76403036e-311
100 94 -0.999342935
101 94 -0.0336418157
102 94 0.0134905511
85 95 0
86 95 0
87 95 0
88 95 -0.0252512384
89 95 -0.999679993
90 95 -0.00151192923
91 95 -4.86881063e-311
92 95 -3.12652408e-312
93 95 -3.6100833e-311
94 95 -5.99730522e-09
95 95 2.00000003
96 95 3.00721994e-08
97 95 4.86881059e-311
98 95 3.12654791e-312
99 95 3.61008262e-311
100 95 0.0335360955
101 95 -0.999405576
102 95 -0.00798832803
85 96 0
86 96 0
87 96 0
88 96 -0.0318549254
89 96 0.00231625825
90 96 -0.999489841
91 96 -2.40024028e-311
92 96 2.79743991e-311
93 96 -3.09386362e-311
94 96 -1.37226518e-07
95 96 3.00721994e-08
96 96 2.00000013
97 96 2.40024022e-311
98 96 -2.79743556e-311
99 96 3.09386885e-311
100 96 -0.013751249
101 96 0.00753066465
102 96 -0.999877113
91 97 -1.35737987e-310
92 97 -3.51719676e-310
93 97 5.20725069e-311
94 97 -9.75567205e-312
95 97 4.86881059e-311
96 97 2.40024022e-311
97 97 2.78996976e-310
98 97 7.01214554e-310
99 97 -9.52665516e-311
100 97 1.58747076e-311
101 97 -6.02328813e-311
102 97 -1.86237475e-311
103 97 -1.43258655e-310
104 97 -3.49495507e-310
105 97 4.31937035e-311
106 97 0
107 97 0
108 97 0
91 98 -3.51719377e-310
92 98 -2.08241481e-311
93 98 -2.61574169e-310
94 98 -5.64924944e-311
95 98 3.12654791e-312
96 98 -2.79743556e-311
97 98 7.01214554e-310
98 98 2.79313882e-311
99 98 5.27882518e-310
100 98 7.19054138e-311
101 98 5.78130564e-313
102 98 2.0679937e-311
103 98 -3.49495183e-310
104 98 -7.10706249e-312
105 98 -2.66308398e-310
106 98 0
107 98 0
108 98 0
91 99 5.20731769e-311
92 99 -2.61574434e-310
93 99 1.56562676e-310
94 99 1.76403036e-311
95 99 3.61008262e-311
96 99 3.09386885e-311
97 99 -9.52665516e-311
98 99 5.27882518e-310
99 99 -3.0692822e-310
100 99 -1.93707641e-311
101 99 -4.66888323e-311
102 99 -2.34480952e-311
103 99 4.31936346e-311
104 99 -2.66308648e-310
105 99 1.50365303e-310
106 99 0
107 99 0
108 99 0
91 100 0
92 100 0
93 100 0
94 100 -0.999342935
95 100 0.0335360955
96 100 -0.013751249
97 100 1.58747076e-311
98 100 7.19054138e-311
99 100 -1.93707641e-311
100 100 1.99999998
101 100 -2.08854475e-08
102 100 1.54908269e-07
103 100 -1.58746395e-311
104 100 -7.19054815e-311
105 100 1.93708311e-311
106 100 -0.999850675
107 100 0.0167857821
108 100 0.00409983484
91 101 0
92 101 0
93 101 0
94 101 -0.0336418157
95 101 -0.999405576
96 101 0.00753066465
97 101 -6.02328813e-311
98 101 5.78130564e-313
99 101 -4.66888323e-311
100 101 -2.08854475e-08
101 101 1.99999991
102 101 -9.29132816e-08
103 101 6.02328835e-311
104 101 -5.78132879e-313
105 101 4.66888346e-311
106 101 -0.0167834014
107 101 -0.999858948
108 101 0.000610910947
91 102 0
92 102 0
93 102 0
94 102 0.0134905511
95 102 -0.00798832803
96 102 -0.999877113
97 102 -1.86237475e-311
98 102 2.0679937e-311
99 102 -2.34480952e-311
100 102 1.54908269e-07
101 102 -9.29132816e-08
102 102 1.99999993
103 102 1.86237678e-311
104 102 -2.06799572e-311
105 102 2.34481152e-311
106 102 -0.00410962285
107 102 -0.000541906475
108 102 -0.999991422
97 103 -1.43258655e-310
98 103 -3.49495183e-310
99 103 4.31936346e-311
100 103 -1.58746395e-311
101 103 6.02328835e-311
102 103 1.86237678e-311
103 103 3.08297357e-310
104 103 6.87850344e-310
105 103 -8.1658816e-311
106 103 1.99935748e-311
107 103 -6.65201297e-311
108 103 -8.33942778e-312
109 103 -1.65039995e-310
110 103 -3.38354833e-310
111 103 3.84648574e-311
112 103 0
113 103 0
114 103 0
97 104 -3.49495507e-310
98 104 -7.10706249e-312
99 104 -2.66308648e-310
100 104 -7.19054815e-311
101 104 -5.78132879e-313
102 104 -2.06799572e-311
103 104 6.87850344e-310
104 104 9.21510677e-312
105 104 5.36439799e-310
106 104 8.02873025e-311
107 104 5.39216744e-313
108 104 1.28518886e-311
109 104 -3.38354822e-310
110 104 -2.10804741e-312
111 104 -2.70131147e-310
112 104 0
113 104 0
114 104 0
97 105 4.31937035e-311
98 105 -2.66308398e-310
99 105 1.50365303e-310
100 105 1.93708311e-311
101 105 4.66888346e-311
102 105 2.34481152e-311
103 105 -8.1658816e-311
104 105 5.36439799e-310
105 105 -3.17512913e-310
106 105 -2.44906466e-311
107 105 -5.35886872e-311
108 105 -1.31696391e-311
109 105 3.8464079e-311
110 105 -2.70131147e-310
111 105 1.67147359e-310
112 105 0
113 105 0
114 105 0
97 106 0
98 106 0
99 106 0
100 106 -0.999850675
101 106 -0.0167834014
102 106 -0.00410962285
103 106 1.99935748e-311
104 106 8.02873025e-311
105 106 -2.44906466e-311
106 106 1.99999993
107 106 4.5871341e-09
108 106 9.81544969e-08
109 106 -1.99938046e-311
110 106 -8.02873025e-311
111 106 2.44906466e-311
112 106 -0.999113999
113 106 0.0121649062
114 106 -0.0402883274
97 107 0
98 107 0
99 107 0
100 107 0.0167857821
101 107 -0.999858948
102 107 -0.000541906475
103 107 -6.65201297e-311
104 107 5.39216744e-313
105 107 -5.35886872e-311
106 107 4.5871341e-09
107 107 2.00000001
108 107 -4.75036686e-08
109 107 6.65201247e-311
110 107 -5.39216818e-313
111 107 5.35886872e-311
112 107 -0.0128683583
113 107 -0.99976846
114 107 0.0172472066
97 108 0
98 108 0
99 108 0
100 108 0.00409983484
101 108 0.000610910947
102 108 -0.999991422
103 108 -8.33942778e-312
104 108 1.28518886e-311
105 108 -1.31696391e-311
106 108 9.81544969e-08
107 108 -4.75036686e-08
108 108 2.00000012
109 108 8.33939042e-312
110 108 -1.28518886e-311
111 108 1.31696391e-311
112 108 0.0400691054
113 108 -0.0177503747
114 108 -0.999039232
103 109 -1.65039995e-310
104 109 -3.38354822e-310
105 109 3.8464079e-311
106 109 -1.99938046e-311
107 109 6.65201247e-311
108 109 8.33939042e-312
109 109 3.17217917e-310
110 109 6.71137037e-310
111 109 -7.39003422e-311
112 109 1.99897408e-311
113 109 -7.28290801e-311
114 109 2.21228313e-312
115 109 -1.52176675e-310
116 109 -3.3278177e-310
117 109 3.5436578e-311
118 109 0
119 109 0
120 109 0
103 110 -3.38354833e-310
104 110 -2.10804741e-312
105 110 -2.70131147e-310
106 110 -8.02873025e-311
107 110 -5.39216818e-313
108 110 -1.28518886e-311
109 110 6.71137037e-310
110 110 2.14584883e-311
111 110 5.4950188e-310
112 110 8.88334745e-311
113 110 -3.83924524e-312
114 110 3.01117425e-311
115 110 -3.32782374e-310
116 110 -1.93498508e-311
117 110 -2.79370721e-310
118 110 0
119 110 0
120 110 0
103 111 3.84648574e-311
104 111 -2.70131147e-310
105 111 1.67147359e-310
106 111 2.44906466e-311
107 111 5.35886872e-311
108 111 1.31696391e-311
109 111 -7.39003422e-311
110 111 5.4950188e-310
111 111 -3.38673485e-310
112 111 -2.73849235e-311
113 111 -6.13393095e-311
114 111 -1.32474561e-311
115 111 3.54365891e-311
116 111 -2.79370643e-310
117 111 1.71526394e-310
118 111 0
119 111 0
120 111 0
103 112 0
104 112 0
105 112 0
106 112 -0.999113999
107 112 -0.0128683583
108 112 0.0400691054
109 112 1.99897408e-311
110 112 8.88334745e-311
111 112 -2.73849235e-311
112 112 1.99999997
113 112 -1.68249544e-08
114 112 4.20208996e-08
115 112 -1.99896542e-311
116 112 -8.88333915e-311
117 112 2.7385008e-311
118 112 -0.999913376
119 112 -0.00667283239
120 112 0.011345403
103 113 0
104 113 0
105 113 0
106 113 0.0121649062
107 113 -0.99976846
108 113 -0.0177503747
109 113 -7.28290801e-311
110 113 -3.83924524e-312
111 113 -6.13393095e-311
112 113 -1.68249544e-08
113 113 2.00000007
114 113 3.65768776e-08
115 113 7.28291154e-311
116 113 3.83911622e-312
117 113 6.13393073e-311
118 113 0.00708927556
119 113 -0.999287387
120 113 0.0370732591
103 114 0
104 114 0
105 114 0
106 114 -0.0402883274
107 114 0.0172472066
108 114 -0.999039232
109 114 2.21228313e-312
110 114 3.01117425e-311
111 114 -1.32474561e-311
112 114 4.20208996e-08
113 114 3.65768776e-08
114 114 1.99999995
115 114 -2.21225127e-312
116 114 -3.01117224e-311
117 114 1.32474848e-311
118 114 -0.0110900043
119 114 -0.0371505392
120 114 -0.999248178
109 115 -1.52176675e-310
110 115 -3.32782374e-310
111 115 3.54365891e-311
112 115 -1.99896542e-311
113 115 7.28291154e-311
114 115 -2.21225127e-312
115 115 3.14838338e-310
116 115 6.583216e-310
117 115 -6.00733776e-311
118 115 1.96724006e-311
119 115 -5.91800747e-311
120 115 7.15888053e-312
121 115 -1.62662662e-310
122 115 -3.25539672e-310
123 115 2.46367812e-311
124 115 0
125 115 0
126 115 0
109 116 -3.3278177e-310
110 116 -1.93498508e-311
111 116 -2.79370643e-310
112 116 -8.88333915e-311
113 116 3.83911622e-312
114 116 -3.01117224e-311
115 116 6.583216e-310
116 116 2.82081334e-311
117 116 5.65662853e-310
118 116 7.43650654e-311
119 116 -5.52667181e-314
120 116 4.36710463e-311
121 116 -3.25540051e-310
122 116 -8.85887314e-312
123 116 -2.86292224e-310
124 116 0
125 116 0
126 116 0
109 117 3.5436578e-311
110 117 -2.79370721e-310
111 117 1.71526394e-310
112 117 2.7385008e-311
113 117 6.13393073e-311
114 117 1.32474848e-311
115 117 -6.00733776e-311
116 117 5.65662853e-310
117 117 -3.43046977e-310
118 117 -2.12537612e-311
119 117 -5.28573884e-311
120 117 -1.64078167e-311
121 117 2.46360318e-311
122 117 -2.86292222e-310
123 117 1.71520592e-310
124 117 0
125 117 0
126 117 0
109 118 0
110 118 0
111 118 0
112 118 -0.999913376
113 118 0.00708927556
114 118 -0.0110900043
115 118 1.96724006e-311
116 118 7.43650654e-311
117 118 -2.12537612e-311
118 118 2.00000003
119 118 1.99874811e-08
120 118 5.60273243e-08
121 118 -1.96725447e-311
122 118 -7.43650654e-311
123 118 2.1253832e-311
124 118 -0.999807228
125 118 0.0178172649
126 118 -0.00825241042
109 119 0
110 119 0
111 119 0
112 119 -0.00667283239
113 119 -0.999287387
114 119 -0.0371505392
115 119 -5.91800747e-311
116 119 -5.52667181e-314
117 119 -5.28573884e-311
118 119 1.99874811e-08
119 119 1.99999988
120 119 3.0175894e-08
121 119 5.91801412e-311
122 119 5.52667181e-314
123 119 5.28573904e-311
124 119 -0.0179223424
125 119 -0.999756862
126 119 0.0128424442
109 120 0
110 120 0
111 120 0
112 120 0.011345403
113 120 0.0370732591
114 120 -0.999248178
115 120 7.15888053e-312
116 120 4.36710463e-311
117 120 -1.64078167e-311
118 120 5.60273243e-08
119 120 3.0175894e-08
120 120 2.00000011
121 120 -7.15896018e-312
122 120 -4.36710463e-311
123 120 1.64078584e-311
124 120 0.0080215012
