{
    "plane_data": [],
    "pose_data": [
        {
            "timestamp": 6772.733625541,
            "pose": [
                1,
                0,
                0,
                0,
                0,
                1,
                0,
                0,
                0,
                0,
                1,
                0,
                0,
                0,
                0,
                1
            ],
            "id": 0,
            "planes": []
        },
        {
            "timestamp": 6772.966890791,
            "planes": [],
            "id": 1,
            "pose": [
                0.039283383637666702,
                -0.8857918381690979,
                0.46241718530654907,
                0,
                0.99906766414642334,
                0.02652471512556076,
                -0.034063141793012619,
                0,
                0.017907371744513512,
                0.4633241593837738,
                0.88600796461105347,
                0,
                0,
                0,
                0,
                1
            ]
        },
        {
            "planes": [],
            "timestamp": 6773.2501414159997,
            "pose": [
                0.0093318372964859009,
                -0.88441342115402222,
                0.4666111171245575,
                0,
                0.99845939874649048,
                -0.017283065244555473,
                -0.052726633846759796,
                0,
                0.054696612060070038,
                0.46638426184654236,
                0.88288968801498413,
                0,
                0,
                0,
                0,
                1
            ],
            "id": 2
        },
        {
            "timestamp": 6773.4834072499998,
            "id": 3,
            "pose": [
                0.049329560250043869,
                -0.89827358722686768,
                0.43665921688079834,
                0,
                0.99092525243759155,
                -0.010714560747146606,
                -0.13398663699626923,
                0,
                0.12503525614738464,
                0.4393061101436615,
                0.88959342241287231,
                0,
                0,
                0,
                0,
                1
            ],
            "planes": []
        },
        {
            "planes": [],
            "id": 4,
            "timestamp": 6773.6666869999999,
            "pose": [
                0.10530839115381241,
                -0.90069717168807983,
                0.4214911162853241,
                0,
                0.97660976648330688,
                0.013770210556685925,
                -0.21457730233669281,
                0,
                0.1874651312828064,
                0.43422922492027283,
                0.88107973337173462,
                0,
                0.0050931377336382866,
                0.0074974717572331429,
                -0.019778616726398468,
                0.99999994039535522
            ]
        },
        {
            "id": 5,
            "timestamp": 6773.8499670829997,
            "planes": [],
            "pose": [
                0.11583136022090912,
                -0.9268718957901001,
                0.35705941915512085,
                0,
                0.96665370464324951,
                0.02253318764269352,
                -0.25509321689605713,
                0,
                0.2283930629491806,
                0.37470072507858276,
                0.89857423305511475,
                0,
                0.0035289246588945389,
                0.017519103363156319,
                -0.036879822611808777,
                0.99999988079071045
            ]
        },
        {
            "pose": [
                0.089069217443466187,
                -0.930838942527771,
                0.35440889000892639,
                0,
                0.96719461679458618,
                -0.004161191638559103,
                -0.25400230288505554,
                0,
                0.2379099577665329,
                0.36540621519088745,
                0.89993172883987427,
                0,
                0.0031673647463321686,
                0.022312052547931671,
                -0.049142509698867798,
                1
            ],
            "timestamp": 6774.0332471250003,
            "planes": [],
            "id": 6
        },
        {
            "planes": [],
            "pose": [
                0.073105707764625549,
                -0.91988581418991089,
                0.38531261682510376,
                0,
                0.97815155982971191,
                -0.0092573799192905426,
                -0.20768642425537109,
                0,
                0.19461476802825928,
                0.39207729697227478,
                0.89911097288131714,
                0,
                -0.0034139715135097504,
                0.020613573491573334,
                -0.059553086757659912,
                1
            ],
            "timestamp": 6774.2165272499997,
            "id": 7
        },
        {
            "id": 8,
            "planes": [],
            "timestamp": 6774.3831455,
            "pose": [
                0.063270963728427887,
                -0.91118460893630981,
                0.40711092948913574,
                0,
                0.9791070818901062,
                -0.022316737100481987,
                -0.20211620628833771,
                0,
                0.19325056672096252,
                0.41139337420463562,
                0.89073532819747925,
                0,
                -0.0082472721114754677,
                0.021070469170808792,
                -0.054387636482715607,
                0.99999994039535522
            ]
        },
        {
            "pose": [
                0.06550038605928421,
                -0.90990579128265381,
                0.40961092710494995,
                0,
                0.9776880145072937,
                -0.023585306480526924,
                -0.20873309671878815,
                0,
                0.19958825409412384,
                0.4141438901424408,
                0.88805925846099854,
                0,
                -0.016797291114926338,
                0.026148125529289246,
                -0.048248633742332458,
                1
            ],
            "planes": [],
            "id": 9,
            "timestamp": 6774.566425166
        },
        {
            "timestamp": 6774.7330435000003,
            "pose": [
                0.070389904081821442,
                -0.90714132785797119,
                0.414897620677948,
                0,
                0.9738318920135498,
                -0.027610950171947479,
                -0.2255856990814209,
                0,
                0.21609382331371307,
                0.41991955041885376,
                0.88145959377288818,
                0,
                -0.021476352587342262,
                0.028048142790794373,
                -0.045661419630050659,
                1
            ],
            "planes": [],
            "id": 10
        },
        {
            "id": 11,
            "planes": [],
            "pose": [
                0.059768985956907272,
                -0.9085468053817749,
                0.41348549723625183,
                0,
                0.97529357671737671,
                -0.035101234912872314,
                -0.21810540556907654,
                0,
                0.21267281472682953,
                0.41630584001541138,
                0.88400191068649292,
                0,
                -0.02198256179690361,
                0.029301334172487259,
                -0.042530052363872528,
                0.99999994039535522
            ],
            "timestamp": 6774.8996616659997
        },
        {
            "timestamp": 6775.0662799580005,
            "id": 12,
            "pose": [
                0.066206693649291992,
                -0.91077375411987305,
                0.40756344795227051,
                0,
                0.9761541485786438,
                -0.02550838328897953,
                -0.21557456254959106,
                0,
                0.20673592388629913,
                0.41211724281311035,
                0.88736671209335327,
                0,
                -0.024580491706728935,
                0.028803758323192596,
                -0.041225641965866089,
                1
            ],
            "planes": []
        },
        {
            "id": 13,
            "pose": [
                0.071227677166461945,
                -0.91061687469482422,
                0.40706712007522583,
                0,
                0.97631156444549561,
                -0.019944088533520699,
                -0.21544808149337769,
                0,
                0.20430923998355865,
                0.41277024149894714,
                0.88762515783309937,
                0,
                -0.025046734139323235,
                0.02713901549577713,
                -0.042790248990058899,
                1
            ],
            "timestamp": 6775.2328978750002,
            "planes": []
        },
        {
            "pose": [
                0.072607964277267456,
                -0.91166609525680542,
                0.40446650981903076,
                0,
                0.97562378644943237,
                -0.019282000139355659,
                -0.21860106289386749,
                0,
                0.20709006488323212,
                0.410479336977005,
                0.88804304599761963,
                0,
                -0.024450100958347321,
                0.026039108633995056,
                -0.041950210928916931,
                1
            ],
            "planes": [],
            "id": 14,
            "timestamp": 6775.399516083
        },
        {
            "timestamp": 6775.5661342909998,
            "pose": [
                0.073442563414573669,
                -0.91686099767684937,
                0.3923928439617157,
                0,
                0.975014328956604,
                -0.016701109707355499,
                -0.22151307761669159,
                0,
                0.20965009927749634,
                0.3988572359085083,
                0.89272600412368774,
                0,
                -0.024169627577066422,
                0.027185752987861633,
                -0.037250369787216187,
                1
            ],
            "id": 15,
            "planes": []
        },
        {
            "id": 16,
            "planes": [],
            "timestamp": 6775.7327520830004,
            "pose": [
                0.077362313866615295,
                -0.92258697748184204,
                0.37795275449752808,
                0,
                0.97358435392379761,
                -0.01177474670112133,
                -0.22802314162254333,
                0,
                0.214821457862854,
                0.38560938835144043,
                0.89730530977249146,
                0,
                -0.025929581373929977,
                0.03152947872877121,
                -0.030711056664586067,
                0.99999988079071045
            ]
        },
        {
            "id": 17,
            "pose": [
                0.079056918621063232,
                -0.91977101564407349,
                0.38441014289855957,
                0,
                0.9669603705406189,
                -0.022996764630079269,
                -0.25388678908348083,
                0,
                0.24235789477825165,
                0.39178100228309631,
                0.88756406307220459,
                0,
                -0.027956383302807808,
                0.037532363086938858,
                -0.024127118289470673,
                0.99999994039535522
            ],
            "timestamp": 6775.8993700829997,
            "planes": []
        },
        {
            "id": 18,
            "timestamp": 6776.0659882910004,
            "planes": [],
            "pose": [
                0.07303638756275177,
                -0.92408138513565063,
                0.3751523494720459,
                0,
                0.96391505002975464,
                -0.03114696592092514,
                -0.26438114047050476,
                0,
                0.2559945285320282,
                0.3809245228767395,
                0.88846111297607422,
                0,
                -0.028346646577119827,
                0.042938340455293655,
                -0.016827099025249481,
                0.99999994039535522
            ]
        },
        {
            "id": 19,
            "planes": [],
            "pose": [
                0.07548077404499054,
                -0.92684435844421387,
                0.36778023838996887,
                0,
                0.96391779184341431,
                -0.026601787656545639,
                -0.26486733555793762,
                0,
                0.25527435541152954,
                0.37450236082077026,
                0.89139384031295776,
                0,
                -0.028256507590413094,
                0.044793412089347839,
                -0.014135047793388367,
                1
            ],
            "timestamp": 6776.2326062499997
        },
        {
            "id": 20,
            "planes": [],
            "timestamp": 6776.3992244580004,
            "pose": [
                0.077816829085350037,
                -0.92853796482086182,
                0.36299008131027222,
                0,
                0.96353757381439209,
                -0.023448867723345757,
                -0.26654335856437683,
                0,
                0.25600731372833252,
                0.37049618363380432,
                0.89285647869110107,
                0,
                -0.029712043702602386,
                0.044161871075630188,
                -0.01103585958480835,
                1
            ]
        },
        {
            "id": 21,
            "pose": [
                0.08250659704208374,
                -0.92950040102005005,
                0.35947424173355103,
                0,
                0.96300727128982544,
                -0.018490195274353027,
                -0.26884013414382935,
                0,
                0.25653371214866638,
                0.36835747957229614,
                0.89359003305435181,
                0,
                -0.03268008679151535,
                0.044620178639888763,
                -0.0077410787343978882,
                1
            ],
            "timestamp": 6776.5658420829996,
            "planes": []
        },
        {
            "timestamp": 6776.7491221250002,
            "planes": [],
            "id": 22,
            "pose": [
                0.091910555958747864,
                -0.93325936794281006,
                0.34724536538124084,
                0,
                0.96228665113449097,
                -0.0064215459860861301,
                -0.27196121215820312,
                0,
                0.25604018568992615,
                0.35914573073387146,
                0.8974727988243103,
                0,
                -0.037224292755126953,
                0.045178856700658798,
                -0.0040660877712070942,
                0.99999994039535522
            ]
        },
        {
            "timestamp": 6776.899078208,
            "id": 23,
            "planes": [],
            "pose": [
                0.10052569955587387,
                -0.9359053373336792,
                0.33760294318199158,
                0,
                0.96123790740966797,
                0.0037974410224705935,
                -0.27569389343261719,
                0,
                0.25674137473106384,
                0.35223114490509033,
                0.90000951290130615,
                0,
                -0.040265083312988281,
                0.049017876386642456,
                0.00096698105335235596,
                1
            ]
        },
        {
            "id": 24,
            "pose": [
                0.12117020040750504,
                -0.93745094537734985,
                0.32634878158569336,
                0,
                0.95550352334976196,
                0.02107677049934864,
                -0.29422545433044434,
                0,
                0.26894354820251465,
                0.34747883677482605,
                0.89829152822494507,
                0,
                -0.048448309302330017,
                0.050006896257400513,
                0.0078622996807098389,
                1
            ],
            "planes": [],
            "timestamp": 6777.0656959159996
        },
        {
            "planes": [],
            "timestamp": 6777.2323139159998,
            "pose": [
                0.12390299141407013,
                -0.94020956754684448,
                0.3172600269317627,
                0,
                0.94655132293701172,
                0.016032498329877853,
                -0.32215410470962524,
                0,
                0.29780590534210205,
                0.34021887183189392,
                0.89194309711456299,
                0,
                -0.057002950459718704,
                0.056312490254640579,
                0.018486253917217255,
                0.99999994039535522
            ],
            "id": 25
        },
        {
            "timestamp": 6777.3822702910002,
            "id": 26,
            "planes": [],
            "pose": [
                0.13202229142189026,
                -0.94530397653579712,
                0.2982792854309082,
                0,
                0.93450576066970825,
                0.01834850013256073,
                -0.35547453165054321,
                0,
                0.33055847883224487,
                0.32567435503005981,
                0.88581442832946777,
                0,
                -0.065383806824684143,
                0.058807045221328735,
                0.030906587839126587,
                1
            ]
        },
        {
            "timestamp": 6777.5488881660003,
            "id": 27,
            "pose": [
                0.13970018923282623,
                -0.94797760248184204,
                0.28604611754417419,
                0,
                0.9258962869644165,
                0.022659458220005035,
                -0.37709736824035645,
                0,
                0.35099819302558899,
                0.31752964854240417,
                0.88089448213577271,
                0,
                -0.077727474272251129,
                0.058944061398506165,
                0.039358548820018768,
                1
            ],
            "planes": []
        },
        {
            "planes": [],
            "id": 28,
            "timestamp": 6777.6988441249996,
            "pose": [
                0.13786642253398895,
                -0.95244389772415161,
                0.27174177765846252,
                0,
                0.93155598640441895,
                0.031494725495576859,
                -0.36223113536834717,
                0,
                0.3364463746547699,
                0.30308225750923157,
                0.89159679412841797,
                0,
                -0.086254417896270752,
                0.056135628372430801,
                0.032263368368148804,
                0.99999994039535522
            ]
        },
        {
            "id": 29,
            "pose": [
                0.13807006180286407,
                -0.94531190395355225,
                0.29550319910049438,
                0,
                0.93267363309860229,
                0.023707013577222824,
                -0.35994124412536621,
                0,
                0.3332512378692627,
                0.32530522346496582,
                0.8849407434463501,
                0,
                -0.090434625744819641,
                0.051799967885017395,
                -0.0037090480327606201,
                1
            ],
            "timestamp": 6777.8654620830002,
            "planes": []
        },
        {
            "planes": [],
            "pose": [
                0.11709046363830566,
                -0.95010703802108765,
                0.28911298513412476,
                0,
                0.9273906946182251,
                0.00045603662147186697,
                -0.37409359216690063,
                0,
                0.35529714822769165,
                0.3119235634803772,
                0.88117384910583496,
                0,
                -0.082842215895652771,
                0.050613746047019958,
                -0.06230674684047699,
                1
            ],
            "timestamp": 6778.015418166,
            "id": 30
        },
        {
            "timestamp": 6778.1820359579997,
            "planes": [],
            "id": 31,
            "pose": [
                0.097716860473155975,
                -0.95392131805419922,
                0.28369972109794617,
                0,
                0.92661494016647339,
                -0.016795951873064041,
                -0.37563624978065491,
                0,
                0.36309248208999634,
                0.29958641529083252,
                0.88227647542953491,
                0,
                -0.060856085270643234,
                0.048681400716304779,
                -0.17043595016002655,
                1.0000001192092896
            ]
        },
        {
            "pose": [
                0.13255983591079712,
                -0.94399851560592651,
                0.30215010046958923,
                0,
                0.92440032958984375,
                0.0077489437535405159,
                -0.38134479522705078,
                0,
                0.35764756798744202,
                0.32985872030258179,
                0.87365972995758057,
                0,
                -0.044097688049077988,
                0.056398853659629822,
                -0.27392545342445374,
                1
            ],
            "id": 32,
            "timestamp": 6778.331992208,
            "planes": []
        },
        {
            "pose": [
                0.15855707228183746,
                -0.94765400886535645,
                0.27714911103248596,
                0,
                0.91669797897338867,
                0.037019651383161545,
                -0.3978620171546936,
                0,
                0.36677554249763489,
                0.31714597344398499,
                0.87458217144012451,
                0,
                -0.035943396389484406,
                0.067636139690876007,
                -0.35562872886657715,
                0.99999994039535522
            ],
            "timestamp": 6778.4819479159996,
            "planes": [],
            "id": 33
        },
        {
            "pose": [
                0.14164021611213684,
                -0.94943720102310181,
                0.28019100427627563,
                0,
                0.91942906379699707,
                0.021278765052556992,
                -0.39267954230308533,
                0,
                0.36686250567436218,
                0.31323504447937012,
                0.87595415115356445,
                0,
                -0.040823481976985931,
                0.064912289381027222,
                -0.44611752033233643,
                1
            ],
            "timestamp": 6778.6485654580001,
            "id": 34,
            "planes": []
        },
        {
            "timestamp": 6778.7985217080004,
            "planes": [],
            "pose": [
                0.1443837583065033,
                -0.93631857633590698,
                0.32009530067443848,
                0,
                0.92745065689086914,
                0.015283970162272453,
                -0.37363290786743164,
                0,
                0.34494709968566895,
                0.3508191704750061,
                0.87059599161148071,
                0,
                -0.062111645936965942,
                0.050242200493812561,
                -0.53750967979431152,
                1
            ],
            "id": 35
        },
        {
            "timestamp": 6778.9651397079997,
            "planes": [],
            "id": 36,
            "pose": [
                0.14711946249008179,
                -0.94002014398574829,
                0.30776295065879822,
                0,
                0.93864113092422485,
                0.034552972763776779,
                -0.34315985441207886,
                0,
                0.31194305419921875,
                0.33936452865600586,
                0.88742506504058838,
                0,
                -0.096333377063274384,
                0.047192201018333435,
                -0.63988023996353149,
                1
            ]
        },
        {
            "pose": [
                0.13277149200439453,
                -0.93773555755615234,
                0.32097303867340088,
                0,
                0.94508606195449829,
                0.022204646840691566,
                -0.32606604695320129,
                0,
                0.29863661527633667,
                0.34663954377174377,
                0.88918894529342651,
                0,
                -0.12448809295892715,
                0.065637312829494476,
                -0.7335858941078186,
                0.99999994039535522
            ],
            "timestamp": 6779.1317572500002,
            "id": 37,
            "planes": []
        },
        {
            "planes": [],
            "id": 38,
            "pose": [
                0.12699545919895172,
                -0.92700809240341187,
                0.35288521647453308,
                0,
                0.95214962959289551,
                0.014220564626157284,
                -0.30530068278312683,
                0,
                0.27799800038337708,
                0.37477141618728638,
                0.88445639610290527,
                0,
                -0.13799965381622314,
                0.074801571667194366,
                -0.81198984384536743,
                0.99999994039535522
            ],
            "timestamp": 6779.2817131660004
        },
        {
            "timestamp": 6779.4649929159996,
            "pose": [
                0.10507144778966904,
                -0.92173653841018677,
                0.37331172823905945,
                0,
                0.95138877630233765,
                -0.016117103397846222,
                -0.30757004022598267,
                0,
                0.28951525688171387,
                0.38748154044151306,
                0.8752363920211792,
                0,
                -0.15191200375556946,
                0.070093952119350433,
                -0.91316843032836914,
                0.99999994039535522
            ],
            "id": 39,
            "planes": []
        },
        {
            "timestamp": 6779.6482722500004,
            "planes": [],
            "id": 40,
            "pose": [
                0.13917364180088043,
                -0.92071789503097534,
                0.3645673394203186,
                0,
                0.9302448034286499,
                -0.004667860921472311,
                -0.36690971255302429,
                0,
                0.33952206373214722,
                0.3902011513710022,
                0.85584324598312378,
                0,
                -0.16295507550239563,
                0.063566789031028748,
                -1.0224117040634155,
                1
            ]
        },
        {
            "id": 41,
            "timestamp": 6779.8148899999997,
            "planes": [],
            "pose": [
                0.15977376699447632,
                -0.918212890625,
                0.36243283748626709,
                0,
                0.91545408964157104,
                0.00045155471889302135,
                -0.40242192149162292,
                0,
                0.3693452775478363,
                0.39608719944953918,
                0.84065383672714233,
                0,
                -0.16396939754486084,
                0.078489497303962708,
                -1.1314729452133179,
                1
            ]
        },
        {
            "timestamp": 6779.9815074999997,
            "planes": [],
            "pose": [
                0.17510566115379333,
                -0.93148016929626465,
                0.31887719035148621,
                0,
                0.90319651365280151,
                0.023062108084559441,
                -0.42860683798789978,
                0,
                0.39188480377197266,
                0.3630603551864624,
                0.84534811973571777,
                0,
                -0.17342446744441986,
                0.096954621374607086,
                -1.2249832153320312,
                0.99999994039535522
            ],
            "id": 42
        },
        {
            "planes": [],
            "timestamp": 6780.1481251659998,
            "id": 43,
            "pose": [
                0.17162488400936127,
                -0.9272916316986084,
                0.33267870545387268,
                0,
                0.90139204263687134,
                0.011540474370121956,
                -0.43284979462623596,
                0,
                0.39753872156143188,
                0.37416180968284607,
                0.8378339409828186,
                0,
                -0.19119302928447723,
                0.097407296299934387,
                -1.3141019344329834,
                1
            ]
        },
        {
            "timestamp": 6780.3147429580004,
            "planes": [],
            "id": 44,
            "pose": [
                0.17801712453365326,
                -0.92690294981002808,
                0.33039504289627075,
                0,
                0.90573042631149292,
                0.023092262446880341,
                -0.42322438955307007,
                0,
                0.38465839624404907,
                0.37459006905555725,
                0.84363508224487305,
                0,
                -0.22080278396606445,
                0.084404259920120239,
                -1.4053038358688354,
                1
            ]
        },
        {
            "pose": [
                0.17325817048549652,
                -0.93125629425048828,
                0.32053601741790771,
                0,
                0.90360391139984131,
                0.020844722166657448,
                -0.42786133289337158,
                0,
                0.39176708459854126,
                0.36376813054084778,
                0.84509837627410889,
                0,
                -0.25717452168464661,
                0.084307566285133362,
                -1.5043895244598389,
                1
            ],
            "timestamp": 6780.4813603749999,
            "planes": [],
            "id": 45
        },
        {
            "pose": [
                0.1807461678981781,
                -0.92974448204040527,
                0.32078960537910461,
                0,
                0.91375386714935303,
                0.03808000311255455,
                -0.40447953343391418,
                0,
                0.36384695768356323,
                0.36623093485832214,
                0.85644036531448364,
                0,
                -0.29574683308601379,
                0.10079085826873779,
                -1.5951403379440308,
                1
            ],
            "timestamp": 6780.6313162079996,
            "planes": [],
            "id": 46
        },
        {
            "id": 47,
            "planes": [],
            "timestamp": 6780.7812720829997,
            "pose": [
                0.15450672805309296,
                -0.92879599332809448,
                0.33684664964675903,
                0,
                0.92057961225509644,
                0.011559457518160343,
                -0.3903835117816925,
                0,
                0.35869288444519043,
                0.37041109800338745,
                0.85681670904159546,
                0,
                -0.31976807117462158,
                0.10862638801336288,
                -1.6808418035507202,
                0.99999994039535522
            ]
        },
        {
            "timestamp": 6780.9645512500001,
            "id": 48,
            "pose": [
                0.14468562602996826,
                -0.92949646711349487,
                0.33926758170127869,
                0,
                0.92339003086090088,
                0.0036309193819761276,
                -0.38384550809860229,
                0,
                0.35555115342140198,
                0.36881336569786072,
                0.85881322622299194,
                0,
                -0.34276846051216125,
                0.1016128808259964,
                -1.7896932363510132,
                1
            ],
            "planes": []
        },
        {
            "timestamp": 6781.1311688750002,
            "pose": [
                0.1527206152677536,
                -0.92973369359970093,
                0.33506971597671509,
                0,
                0.92123150825500488,
                0.011183705180883408,
                -0.38885387778282166,
                0,
                0.35778325796127319,
                0.368062824010849,
                0.85820788145065308,
                0,
                -0.3538023829460144,
                0.090633675456047058,
                -1.8992067575454712,
                1
            ],
            "id": 49,
            "planes": []
        },
        {
            "id": 50,
            "timestamp": 6781.2977864579998,
            "planes": [],
            "pose": [
                0.16503053903579712,
                -0.93582487106323242,
                0.31144276261329651,
                0,
                0.9145539402961731,
                0.026973526924848557,
                -0.40356317162513733,
                0,
                0.36926376819610596,
                0.35143154859542847,
                0.86031383275985718,
                0,
                -0.35796499252319336,
                0.10371506959199905,
                -2.0122072696685791,
                0.99999994039535522
            ]
        },
        {
            "pose": [
                0.17142035067081451,
                -0.94459611177444458,
                0.2799164354801178,
                0,
                0.90261363983154297,
                0.036708720028400421,
                -0.4288831353187561,
                0,
                0.39484602212905884,
                0.32617577910423279,
                0.8588981032371521,
                0,
                -0.36892607808113098,
                0.12138484418392181,
                -2.1137542724609375,
                1
            ],
            "id": 51,
            "timestamp": 6781.4644038750002,
            "planes": []
        },
        {
            "pose": [
                0.17150105535984039,
                -0.94174182415008545,
                0.28932604193687439,
                0,
                0.89937257766723633,
                0.029784046113491058,
                -0.43616700172424316,
                0,
                0.40213939547538757,
                0.33501508831977844,
                0.85208487510681152,
                0,
                -0.39605149626731873,
                0.12355687469244003,
                -2.2104203701019287,
                0.99999994039535522
            ],
            "timestamp": 6781.6476832500002,
            "planes": [],
            "id": 52
        },
        {
            "pose": [
                0.16487973928451538,
                -0.94510895013809204,
                0.282105952501297,
                0,
                0.90278452634811401,
                0.029418036341667175,
                -0.42908570170402527,
                0,
                0.39723369479179382,
                0.32542845606803894,
                0.85808014869689941,
                0,
                -0.42739453911781311,
                0.1201748326420784,
                -2.28721022605896,
                0.99999994039535522
            ],
            "id": 53,
            "planes": [],
            "timestamp": 6781.7976388750003
        },
        {
            "timestamp": 6781.9809179160002,
            "pose": [
                0.12672501802444458,
                -0.95463627576828003,
                0.26946321129798889,
                0,
                0.91768831014633179,
                0.0097084119915962219,
                -0.39718243479728699,
                0,
                0.37654870748519897,
                0.29761621356010437,
                0.87728875875473022,
                0,
                -0.46772065758705139,
                0.12506864964962006,
                -2.3850765228271484,
                1
            ],
            "planes": [],
            "id": 54
        },
        {
            "planes": [],
            "timestamp": 6782.1641970410001,
            "id": 55,
            "pose": [
                0.096814490854740143,
                -0.95540696382522583,
                0.27897027134895325,
                0,
                0.93777233362197876,
                -0.0063495077192783356,
                -0.3471921980381012,
                0,
                0.33348119258880615,
                0.29522395133972168,
                0.89533954858779907,
                0,
                -0.50067001581192017,
                0.14111381769180298,
                -2.4774835109710693,
                0.99999988079071045
            ]
        },
        {
            "pose": [
                0.10091954469680786,
                -0.94458961486816406,
                0.3123551607131958,
                0,
                0.94341099262237549,
                -0.008828822523355484,
                -0.33150795102119446,
                0,
                0.31589671969413757,
                0.32813498377799988,
                0.89024525880813599,
                0,
                -0.51984679698944092,
                0.1399114727973938,
                -2.555595874786377,
                1
            ],
            "timestamp": 6782.3308145410001,
            "id": 56,
            "planes": []
        },
        {
            "pose": [
                0.097940556704998016,
                -0.94108468294143677,
                0.32367771863937378,
                0,
                0.94263929128646851,
                -0.016568101942539215,
                -0.33340135216712952,
                0,
                0.31912162899971008,
                0.33776494860649109,
                0.88548070192337036,
                0,
                -0.53234976530075073,
                0.13376381993293762,
                -2.6275007724761963,
                0.99999994039535522
            ],
            "timestamp": 6782.4974320000001,
            "planes": [],
            "id": 57
        },
        {
            "planes": [],
            "id": 58,
            "timestamp": 6782.6640492500001,
            "pose": [
                0.10381125658750534,
                -0.94253414869308472,
                0.31757277250289917,
                0,
                0.93869191408157349,
                -0.012693814001977444,
                -0.34452301263809204,
                0,
                0.32875591516494751,
                0.33386844396591187,
                0.88343149423599243,
                0,
                -0.53618901968002319,
                0.13321425020694733,
                -2.6971688270568848,
                0.99999994039535522
            ]
        },
        {
            "pose": [
                0.11616256088018417,
                -0.94783991575241089,
                0.29682621359825134,
